(16, 1, 7, 7)
0.07549327611923218
0.051595233380794525
0.023067651316523552
0.09380219876766205
0.10407224297523499
-0.027228567749261856
0.058655522763729095
-0.03321220353245735
-0.035462308675050735
-0.02450944483280182
0.054475218057632446
0.15084335207939148
0.04677453264594078
0.00348255829885602
-0.10993833839893341
-0.01246185414493084
0.14281193912029266
0.1250656396150589
0.09940323978662491
-0.04089505597949028
-0.13944393396377563
-0.012115584686398506
0.17169415950775146
0.16691073775291443
0.23009063303470612
-0.15276828408241272
-0.17159055173397064
-0.0775446817278862
0.11528538167476654
0.2565635144710541
0.18400439620018005
0.03430034965276718
-0.30293112993240356
-0.3148847222328186
-0.13368742167949677
0.09390602260828018
0.1919708251953125
0.07905390858650208
-0.10506445914506912
-0.18552161753177643
-0.16620518267154694
-0.13415314257144928
-0.05125366896390915
0.1838608682155609
-0.00485971150919795
-0.0665825828909874
-0.18060694634914398
-0.04327080026268959
-0.15393167734146118
-0.07815053313970566
-0.12287543714046478
-0.013849428854882717
0.03886657953262329
-0.04460808262228966
-0.017475886270403862
-0.0027100800070911646
-0.033349815756082535
-0.004551292397081852
-0.0454443022608757
-0.05576523393392563
-0.10971751064062119
-0.05731070041656494
-0.0959082543849945
0.027819793671369553
0.042381275445222855
-0.047605015337467194
-0.17966976761817932
-0.09633830189704895
-0.16189196705818176
-0.13274991512298584
0.13116206228733063
0.0528491772711277
0.008777080103754997
-0.18287011981010437
-0.06794442236423492
-0.08120253682136536
-0.23651324212551117
0.038311004638671875
0.046387214213609695
0.032002873718738556
-0.05409923940896988
0.1228102520108223
0.055057451128959656
-0.22761417925357819
0.12563005089759827
0.2277902215719223
0.22273316979408264
0.1177406907081604
0.12753446400165558
0.15996168553829193
-0.030592232942581177
0.04202745482325554
0.14077910780906677
0.169136181473732
0.15997138619422913
0.19911634922027588
0.11933822184801102
0.21008992195129395
0.010558301582932472
0.02959594875574112
0.0715448260307312
-0.0882083848118782
-0.13526393473148346
-0.050796981900930405
-0.13279059529304504
0.10212691128253937
-0.07667358219623566
-0.10374432057142258
0.06623492389917374
0.06856545805931091
0.09628971666097641
0.02320709079504013
-0.03872523829340935
0.08943787962198257
0.000529359676875174
0.10027243942022324
0.10950576514005661
0.07491979748010635
0.08443117141723633
0.07458861172199249
0.0794096291065216
0.050778526812791824
0.10980955511331558
0.0810045450925827
-0.02417563460767269
0.02314053475856781
-0.026953626424074173
0.10930218547582626
0.06795460730791092
0.05842157453298569
-0.0360991545021534
0.0796852558851242
0.016992872580885887
-0.009600518271327019
-0.01553133875131607
0.0725615918636322
0.08212156593799591
0.06065499410033226
0.08829383552074432
-0.0013937015319243073
-0.08646300435066223
-0.008793575689196587
-0.0030433349311351776
0.0643124207854271
0.15228645503520966
0.07413048297166824
-0.01892062835395336
0.12186918407678604
-0.029150670394301414
0.03235585242509842
-0.018524542450904846
0.06747309863567352
-0.03684975206851959
-0.03777262941002846
0.05470915511250496
0.05671288073062897
0.18149371445178986
-0.0020905211567878723
-0.05370381474494934
-0.02401355281472206
-0.029830271378159523
0.13546669483184814
0.18672506511211395
0.14475806057453156
-0.11654400825500488
-0.17659080028533936
-0.13942550122737885
-0.012631573714315891
0.1411130726337433
0.16388075053691864
0.11059416830539703
-0.22347420454025269
-0.29252204298973083
-0.17273040115833282
0.027532270178198814
0.17536747455596924
0.1847212314605713
-0.007401065435260534
-0.2916427254676819
-0.28270354866981506
-0.11114891618490219
-0.02613718993961811
0.05546719953417778
0.022714974358677864
-0.012328206561505795
-0.2595810294151306
-0.21021024882793427
-0.08820988982915878
-0.016528470441699028
0.10877470672130585
0.00709201954305172
-0.0459931418299675
-0.11793717741966248
-0.125413179397583
0.012015708722174168
0.01404120959341526
0.06000737473368645
0.06645755469799042
0.11668722331523895
0.07069936394691467
-0.041913941502571106
-0.007432463113218546
0.11787550151348114
0.010465379804372787
0.151535302400589
0.007556859403848648
-0.009894936345517635
-0.00481300987303257
0.10392250865697861
0.12035957723855972
-0.025559958070516586
0.1114734634757042
0.04004300758242607
-0.06134229153394699
-0.056632149964571
0.013407939113676548
0.06756237894296646
0.03306188806891441
0.2960135042667389
0.09728682786226273
-0.029558274894952774
-0.08710632473230362
-0.0382269024848938
-0.0071969591081142426
-0.13335293531417847
0.16748063266277313
0.20185276865959167
0.09858963638544083
-0.011531170457601547
-0.04117783531546593
-0.17775851488113403
-0.23850639164447784
-0.16632597148418427
-0.06228423863649368
-0.12441294640302658
-0.019600197672843933
-0.03727137669920921
-0.20789562165737152
-0.19467727839946747
-0.20865687727928162
-0.2623360753059387
-0.18993225693702698
-0.15184839069843292
-0.17494072020053864
-0.03469613939523697
-0.11134150624275208
0.04218212515115738
0.07295282185077667
-0.08344104140996933
-0.12879687547683716
0.027764277532696724
-0.003903287695720792
0.025310924276709557
-0.00507567310705781
0.06271325051784515
0.004325156100094318
-0.14146487414836884
-0.23921242356300354
-0.23520155251026154
0.04130307585000992
-0.06017522141337395
-0.02458249405026436
0.016951778903603554
-0.03450257331132889
-0.3183581829071045
-0.12536412477493286
0.01351485401391983
-0.04511118307709694
-0.06373059004545212
0.09493978321552277
0.09346696734428406
-0.1884574145078659
0.16702552139759064
0.025412604212760925
-0.13392233848571777
-0.06927385181188583
0.10712224990129471
0.12688270211219788
-0.0005716612795367837
0.22869110107421875
0.06297017633914948
0.09435129910707474
0.04488668218255043
0.16571146249771118
0.14049887657165527
0.18287129700183868
0.018908213824033737
0.12938375771045685
0.09138424694538116
0.12147391587495804
-0.023477977141737938
0.03630492463707924
0.22518113255500793
0.005294302012771368
0.048054371029138565
0.16572155058383942
0.16915033757686615
0.21586650609970093
0.15718963742256165
0.1268194317817688
-0.05942250415682793
0.08124744147062302
0.10515914857387543
0.15521171689033508
0.16015538573265076
0.059118885546922684
-0.05654824152588844
-0.21370388567447662
0.07921440154314041
0.1849244385957718
0.19457855820655823
0.15544913709163666
-0.0762302353978157
-0.1763629913330078
-0.1846073716878891
0.015023638494312763
0.1026047021150589
0.023863960057497025
-0.09871233254671097
-0.21417765319347382
-0.29950156807899475
-0.10488416999578476
-0.026604417711496353
-0.012548656202852726
-0.2133728712797165
-0.30780622363090515
-0.33820584416389465
-0.14777415990829468
-0.08217205107212067
-0.021591616794466972
-0.025085637345910072
-0.26010164618492126
-0.2499002069234848
-0.25305357575416565
-0.22300660610198975
0.0922589898109436
-0.09058050811290741
0.061386588960886
-0.0635247454047203
-0.07823836803436279
0.013174443505704403
0.061201371252536774
0.07449181377887726
-0.016401080414652824
0.07866615056991577
0.10033535212278366
0.19331564009189606
0.21692544221878052
0.20827370882034302
0.20185290277004242
-0.07619764655828476
-0.0002591679512988776
0.2153792381286621
0.19109909236431122
0.14374348521232605
0.05875089019536972
-0.05760814622044563
-0.15853625535964966
-0.10653270781040192
-0.05914410203695297
-0.07292798906564713
-0.21877188980579376
-0.15276025235652924
-0.07278043031692505
-0.05663961172103882
-0.17735068500041962
-0.32693764567375183
-0.49691981077194214
-0.5013494491577148
-0.37968161702156067
-0.11512205749750137
0.017498143017292023
0.03520971164107323
-0.06809582561254501
-0.31611764430999756
-0.07555239647626877
0.03731578588485718
-0.07919927686452866
0.08718955516815186
0.2010733038187027
0.10962340980768204
0.1377222239971161
0.10190449655056
0.09311071038246155
0.07652243971824646
-0.04520096629858017
0.07404263317584991
0.15201406180858612
0.318777859210968
0.23669898509979248
0.18369454145431519
0.04068693146109581
0.0817708745598793
-0.2115241140127182
-0.17899803817272186
-0.16482603549957275
-0.08419516682624817
-0.002388598630204797
-0.026989171281456947
0.012100533582270145
-0.2702675461769104
-0.20563091337680817
0.04496854916214943
0.01819216087460518
-0.12982986867427826
-0.12315059453248978
-0.009208695963025093
-0.10122799128293991
0.08466313034296036
0.11458709090948105
-0.00545984972268343
0.13720646500587463
-0.03148404136300087
0.18265724182128906
0.2639850974082947
0.2721347510814667
0.14365078508853912
0.07943419367074966
0.24389532208442688
0.1534903198480606
0.2657615840435028
0.19602659344673157
-0.021855134516954422
0.035723976790905
0.047105707228183746
0.08744978159666061
0.11777657270431519
-0.19881398975849152
-0.11203013360500336
-0.10763908177614212
-0.1512603610754013
-0.17273232340812683
0.0680820643901825
0.031177235767245293
-0.3334260880947113
-0.1864970475435257
-0.0899764820933342
-0.14539924263954163
-0.09846857935190201
-0.037471890449523926
0.034236446022987366
-0.15609706938266754
0.048143420368433
0.08846031129360199
0.035931143909692764
-0.07851732522249222
-0.038394276052713394
-0.09371475875377655
-0.07832936197519302
0.06985190510749817
0.018555745482444763
0.11920229345560074
0.03825721517205238
-0.18890975415706635
-0.25641804933547974
0.10236211866140366
-0.027170754969120026
-0.06492384523153305
0.20803171396255493
0.18998979032039642
-0.1842823326587677
-0.44236519932746887
-0.0604533925652504
-0.13515464961528778
-0.1060296818614006
0.27468717098236084
0.31477683782577515
0.06397528201341629
-0.3819259703159332
-0.14525483548641205
-0.22212831676006317
-0.13839112222194672
0.10233283042907715
0.2755779027938843
0.2642517685890198
-0.05229149013757706
-0.013640549965202808
-0.07241732627153397
-0.045736104249954224
0.018264345824718475
0.18398605287075043
0.18037360906600952
-0.07570305466651917
-0.010073000565171242
0.03936447575688362
-0.1970980167388916
-0.028163176029920578
0.03258363530039787
0.0939302146434784
0.0006131575792096555
0.032597098499536514
0.11508087068796158
0.17246539890766144
0.17134055495262146
0.1774955838918686
-0.07698191702365875
-0.17014646530151367
0.04003303870558739
0.03995615616440773
0.054973211139440536
0.11681056767702103
0.10853815823793411
0.07139325141906738
-0.03451104462146759
-0.014239918440580368
-0.06758468598127365
-0.1902116984128952
-0.05431162938475609
0.10301494598388672
0.24007947742938995
0.21662552654743195
0.0694645345211029
-0.16416317224502563
-0.248794287443161
-0.041562389582395554
0.0783291906118393
0.16786178946495056
0.2568325400352478
-0.006692314054816961
0.05296774581074715
-0.08352571725845337
-0.12876230478286743
-0.2885019779205322
-0.16297270357608795
0.1429458111524582
-0.14032374322414398
0.01882786676287651
0.039100538939237595
-0.1800537109375
-0.20790834724903107
-0.32979336380958557
0.021025419235229492
0.04158222675323486
0.04683011397719383
0.007292822934687138
0.07730603218078613
-0.014378227293491364
-0.03687155991792679
-0.017589643597602844
0.02237960696220398
-0.023993266746401787
-0.08360935747623444
-0.06759151071310043
0.06864134967327118
0.09607859700918198
0.09618651866912842
0.11770804226398468
-0.10339736193418503
0.09425318986177444
-0.05853330343961716
-0.03144680708646774
0.016895338892936707
0.09996165335178375
0.04830155894160271
0.01571544073522091
0.1117556020617485
-0.12152151018381119
-0.10621926933526993
-0.07823904603719711
0.055821795016527176
0.15358994901180267
0.07005549222230911
0.005192279350012541
-0.27958258986473083
-0.19496504962444305
0.003729767631739378
0.18266351521015167
0.18880552053451538
0.12569066882133484
-0.19853344559669495
-0.4997173547744751
-0.2575816810131073
0.038033176213502884
0.18812616169452667
0.18938928842544556
-0.0551796518266201
-0.3162398934364319
-0.33280712366104126
0.02131587080657482
0.17974133789539337
0.13885928690433502
0.11799473315477371
-0.28638315200805664
-0.3069387972354889
-0.1812313199043274
0.036613743752241135
0.13053177297115326
0.21020729839801788
0.13637849688529968
-0.13153235614299774
0.017996039241552353
0.0248531773686409
-0.056247878819704056
0.03510965779423714
0.02663901448249817
0.09554433822631836
-0.07256767898797989
-0.10298212617635727
-0.14585785567760468
-0.10119885951280594
-0.04063883051276207
0.06919161975383759
-0.011628028005361557
-0.02466578781604767
-0.30196937918663025
-0.27534499764442444
-0.06606625020503998
0.043736618012189865
0.19646047055721283
-0.009520726278424263
-0.22579562664031982
-0.27554720640182495
-0.053201235830783844
0.13134285807609558
0.19337743520736694
0.23630684614181519
-0.07459644228219986
-0.2417294830083847
-0.11413396894931793
-0.045236147940158844
0.19540363550186157
0.16875961422920227
0.08124344795942307
-0.10792559385299683
-0.15578556060791016
-0.08225393295288086
0.12485321611166
0.23654821515083313
0.11750615388154984
0.05155438557267189
-0.1342015117406845
-0.04888814687728882
0.07596635818481445
0.07770010828971863
0.07659076899290085
0.09487079828977585
-0.034752409905195236
0.03716333955526352
0.08008944988250732
0.11266840249300003
-0.015672555193305016
0.07049750536680222
0.05994543805718422
-0.006079206708818674
-0.10046391934156418
-0.012420174665749073
0.10861869156360626
0.06248346343636513
0.09751097112894058
0.19816984236240387
0.10581059008836746
-0.317458838224411
-0.0963873416185379
0.034553516656160355
0.10668143630027771
0.2116830199956894
0.20995600521564484
0.09628239274024963
-0.32732394337654114
-0.39840811491012573
-0.30050128698349
-0.09999333322048187
0.0954657793045044
0.20843496918678284
0.11884509027004242
-0.15775805711746216
-0.342490553855896
-0.34462636709213257
-0.41052335500717163
-0.16528230905532837
0.0436193086206913
0.04637230932712555
0.12072575092315674
-0.03561216965317726
-0.18571875989437103
-0.3049789071083069
-0.2848363518714905
-0.002549152821302414
0.18413054943084717
0.2687159776687622
0.03985314816236496
0.03784850612282753
-0.06908003985881805
-0.1182749792933464
-0.12208650261163712
-0.060063980519771576
0.1438332498073578
-0.14386820793151855
-0.06845849752426147
0.004993895068764687
-0.043318796902894974
0.006707934662699699
-0.027253059670329094
-0.11503121256828308
-0.14366135001182556
-0.05443207919597626
-0.009249335154891014
0.04712311923503876
0.14653626084327698
0.18500350415706635
-0.2359183132648468
-0.1453910619020462
0.07636968046426773
0.2574577033519745
0.22759906947612762
0.2857476770877838
0.13645675778388977
-0.05992360785603523
0.2520408630371094
0.26454412937164307
0.2366665154695511
0.18069365620613098
-0.012323311530053616
-0.06328146904706955
0.1170763447880745
0.1713780164718628
0.10988994687795639
0.012311024591326714
-0.03396046906709671
-0.2607090175151825
-0.12181562930345535
0.004813120234757662
-0.02488808147609234
-0.14873020350933075
-0.36212965846061707
-0.36164990067481995
-0.18070393800735474
0.03634704649448395
-0.041764575988054276
-0.12026005983352661
-0.15326838195323944
-0.24256226420402527
-0.0626194179058075
0.01908806338906288
0.17665043473243713
-0.02651093155145645
-0.06052019074559212
-0.2082412987947464
-0.07987675815820694
-0.18073990941047668
-0.21530188620090485
-0.2514399588108063
0.16900819540023804
-0.0027921434957534075
-0.06813188642263412
0.08864077180624008
0.039414312690496445
0.03321994096040726
-0.07998265326023102
0.1678246557712555
0.22168676555156708
0.13840271532535553
0.2155027538537979
0.24721865355968475
0.16049660742282867
0.14197340607643127
0.0795476958155632
0.0865342989563942
0.16390423476696014
0.046256691217422485
0.09600399434566498
0.1300545334815979
0.11269041150808334
-0.1363566517829895
0.016509175300598145
-0.04582243785262108
-0.025156138464808464
-0.044788163155317307
0.11782028526067734
0.05623038113117218
-0.2693473994731903
-0.2078959345817566
-0.2286560982465744
-0.15109680593013763
-0.2123267650604248
-0.21052974462509155
0.03642819821834564
-0.10197176039218903
-0.23818500339984894
-0.13235719501972198
-0.06507033854722977
-0.1933121532201767
-0.06742552667856216
-0.024535996839404106